{
 "cells": [
  {
   "cell_type": "code",
   "execution_count": 1,
   "id": "d0557138",
   "metadata": {},
   "outputs": [
    {
     "name": "stdout",
     "output_type": "stream",
     "text": [
      "   Pregnancies  Glucose  BloodPressure  SkinThickness  Insulin   BMI  \\\n",
      "0            6      148             72             35        0  33.6   \n",
      "1            1       85             66             29        0  26.6   \n",
      "2            8      183             64              0        0  23.3   \n",
      "3            1       89             66             23       94  28.1   \n",
      "4            0      137             40             35      168  43.1   \n",
      "\n",
      "   DiabetesPedigreeFunction  Age  Outcome  \n",
      "0                     0.627   50        1  \n",
      "1                     0.351   31        0  \n",
      "2                     0.672   32        1  \n",
      "3                     0.167   21        0  \n",
      "4                     2.288   33        1  \n"
     ]
    },
    {
     "data": {
      "text/html": [
       "<div>\n",
       "<style scoped>\n",
       "    .dataframe tbody tr th:only-of-type {\n",
       "        vertical-align: middle;\n",
       "    }\n",
       "\n",
       "    .dataframe tbody tr th {\n",
       "        vertical-align: top;\n",
       "    }\n",
       "\n",
       "    .dataframe thead th {\n",
       "        text-align: right;\n",
       "    }\n",
       "</style>\n",
       "<table border=\"1\" class=\"dataframe\">\n",
       "  <thead>\n",
       "    <tr style=\"text-align: right;\">\n",
       "      <th></th>\n",
       "      <th>Pregnancies</th>\n",
       "      <th>Glucose</th>\n",
       "      <th>BloodPressure</th>\n",
       "      <th>SkinThickness</th>\n",
       "      <th>Insulin</th>\n",
       "      <th>BMI</th>\n",
       "      <th>DiabetesPedigreeFunction</th>\n",
       "      <th>Age</th>\n",
       "      <th>Outcome</th>\n",
       "    </tr>\n",
       "  </thead>\n",
       "  <tbody>\n",
       "    <tr>\n",
       "      <th>Pregnancies</th>\n",
       "      <td>1.000000</td>\n",
       "      <td>0.188374</td>\n",
       "      <td>0.122182</td>\n",
       "      <td>-0.067403</td>\n",
       "      <td>-0.048774</td>\n",
       "      <td>0.043810</td>\n",
       "      <td>-0.039948</td>\n",
       "      <td>0.529107</td>\n",
       "      <td>0.220803</td>\n",
       "    </tr>\n",
       "    <tr>\n",
       "      <th>Glucose</th>\n",
       "      <td>0.188374</td>\n",
       "      <td>1.000000</td>\n",
       "      <td>0.111725</td>\n",
       "      <td>0.023405</td>\n",
       "      <td>0.340905</td>\n",
       "      <td>0.236909</td>\n",
       "      <td>0.162966</td>\n",
       "      <td>0.315653</td>\n",
       "      <td>0.445066</td>\n",
       "    </tr>\n",
       "    <tr>\n",
       "      <th>BloodPressure</th>\n",
       "      <td>0.122182</td>\n",
       "      <td>0.111725</td>\n",
       "      <td>1.000000</td>\n",
       "      <td>0.199686</td>\n",
       "      <td>0.085775</td>\n",
       "      <td>0.251530</td>\n",
       "      <td>0.004405</td>\n",
       "      <td>0.206410</td>\n",
       "      <td>0.036130</td>\n",
       "    </tr>\n",
       "    <tr>\n",
       "      <th>SkinThickness</th>\n",
       "      <td>-0.067403</td>\n",
       "      <td>0.023405</td>\n",
       "      <td>0.199686</td>\n",
       "      <td>1.000000</td>\n",
       "      <td>0.453330</td>\n",
       "      <td>0.388061</td>\n",
       "      <td>0.165585</td>\n",
       "      <td>-0.135233</td>\n",
       "      <td>0.053922</td>\n",
       "    </tr>\n",
       "    <tr>\n",
       "      <th>Insulin</th>\n",
       "      <td>-0.048774</td>\n",
       "      <td>0.340905</td>\n",
       "      <td>0.085775</td>\n",
       "      <td>0.453330</td>\n",
       "      <td>1.000000</td>\n",
       "      <td>0.210592</td>\n",
       "      <td>0.207876</td>\n",
       "      <td>-0.004826</td>\n",
       "      <td>0.137969</td>\n",
       "    </tr>\n",
       "    <tr>\n",
       "      <th>BMI</th>\n",
       "      <td>0.043810</td>\n",
       "      <td>0.236909</td>\n",
       "      <td>0.251530</td>\n",
       "      <td>0.388061</td>\n",
       "      <td>0.210592</td>\n",
       "      <td>1.000000</td>\n",
       "      <td>0.128228</td>\n",
       "      <td>0.046869</td>\n",
       "      <td>0.309559</td>\n",
       "    </tr>\n",
       "    <tr>\n",
       "      <th>DiabetesPedigreeFunction</th>\n",
       "      <td>-0.039948</td>\n",
       "      <td>0.162966</td>\n",
       "      <td>0.004405</td>\n",
       "      <td>0.165585</td>\n",
       "      <td>0.207876</td>\n",
       "      <td>0.128228</td>\n",
       "      <td>1.000000</td>\n",
       "      <td>0.043521</td>\n",
       "      <td>0.178331</td>\n",
       "    </tr>\n",
       "    <tr>\n",
       "      <th>Age</th>\n",
       "      <td>0.529107</td>\n",
       "      <td>0.315653</td>\n",
       "      <td>0.206410</td>\n",
       "      <td>-0.135233</td>\n",
       "      <td>-0.004826</td>\n",
       "      <td>0.046869</td>\n",
       "      <td>0.043521</td>\n",
       "      <td>1.000000</td>\n",
       "      <td>0.207754</td>\n",
       "    </tr>\n",
       "    <tr>\n",
       "      <th>Outcome</th>\n",
       "      <td>0.220803</td>\n",
       "      <td>0.445066</td>\n",
       "      <td>0.036130</td>\n",
       "      <td>0.053922</td>\n",
       "      <td>0.137969</td>\n",
       "      <td>0.309559</td>\n",
       "      <td>0.178331</td>\n",
       "      <td>0.207754</td>\n",
       "      <td>1.000000</td>\n",
       "    </tr>\n",
       "  </tbody>\n",
       "</table>\n",
       "</div>"
      ],
      "text/plain": [
       "                          Pregnancies   Glucose  BloodPressure  SkinThickness  \\\n",
       "Pregnancies                  1.000000  0.188374       0.122182      -0.067403   \n",
       "Glucose                      0.188374  1.000000       0.111725       0.023405   \n",
       "BloodPressure                0.122182  0.111725       1.000000       0.199686   \n",
       "SkinThickness               -0.067403  0.023405       0.199686       1.000000   \n",
       "Insulin                     -0.048774  0.340905       0.085775       0.453330   \n",
       "BMI                          0.043810  0.236909       0.251530       0.388061   \n",
       "DiabetesPedigreeFunction    -0.039948  0.162966       0.004405       0.165585   \n",
       "Age                          0.529107  0.315653       0.206410      -0.135233   \n",
       "Outcome                      0.220803  0.445066       0.036130       0.053922   \n",
       "\n",
       "                           Insulin       BMI  DiabetesPedigreeFunction  \\\n",
       "Pregnancies              -0.048774  0.043810                 -0.039948   \n",
       "Glucose                   0.340905  0.236909                  0.162966   \n",
       "BloodPressure             0.085775  0.251530                  0.004405   \n",
       "SkinThickness             0.453330  0.388061                  0.165585   \n",
       "Insulin                   1.000000  0.210592                  0.207876   \n",
       "BMI                       0.210592  1.000000                  0.128228   \n",
       "DiabetesPedigreeFunction  0.207876  0.128228                  1.000000   \n",
       "Age                      -0.004826  0.046869                  0.043521   \n",
       "Outcome                   0.137969  0.309559                  0.178331   \n",
       "\n",
       "                               Age   Outcome  \n",
       "Pregnancies               0.529107  0.220803  \n",
       "Glucose                   0.315653  0.445066  \n",
       "BloodPressure             0.206410  0.036130  \n",
       "SkinThickness            -0.135233  0.053922  \n",
       "Insulin                  -0.004826  0.137969  \n",
       "BMI                       0.046869  0.309559  \n",
       "DiabetesPedigreeFunction  0.043521  0.178331  \n",
       "Age                       1.000000  0.207754  \n",
       "Outcome                   0.207754  1.000000  "
      ]
     },
     "execution_count": 1,
     "metadata": {},
     "output_type": "execute_result"
    }
   ],
   "source": [
    "import numpy as np\n",
    "import pandas as pd\n",
    "import matplotlib.pyplot as plt\n",
    "import seaborn as sns\n",
    "\n",
    "data = pd.read_csv('C:/Users/abdal/Desktop/Winter 2022/BMEN 415/Project/Classification/Classification_Diabetes_Dataset.csv')\n",
    "\n",
    "##TRAINING: INDEX 0 to 500\n",
    "##TESTING: INDEX 501 to 767\n",
    "### Outcome = 1 means patient has diabetes\n",
    "### Outcome = 0 means patient does not have diabetes\n",
    "df = pd.DataFrame(data)\n",
    "train = df.iloc[0:501,0:9]\n",
    "test = df.iloc[501:768,0:9]\n",
    "print(data.head())\n",
    "train.corr()"
   ]
  },
  {
   "cell_type": "code",
   "execution_count": 1,
   "id": "c860f337",
   "metadata": {},
   "outputs": [],
   "source": [
    "### Quadratic Discriminant Analysis\n",
    "\n",
    "from sklearn.discriminant_analysis import QuadraticDiscriminantAnalysis\n",
    "\n",
    "\n",
    "\n",
    "\n",
    "#acc = accuracy_score(y_test,y_predict_test)   #Accuracy for classification"
   ]
  },
  {
   "cell_type": "code",
   "execution_count": null,
   "id": "8ac95979",
   "metadata": {},
   "outputs": [],
   "source": [
    "### Hist Gradient Boosting "
   ]
  },
  {
   "cell_type": "code",
   "execution_count": null,
   "id": "4a1954dc",
   "metadata": {},
   "outputs": [],
   "source": [
    "### Stochastic Gradient Descent"
   ]
  }
 ],
 "metadata": {
  "kernelspec": {
   "display_name": "Python 3 (ipykernel)",
   "language": "python",
   "name": "python3"
  },
  "language_info": {
   "codemirror_mode": {
    "name": "ipython",
    "version": 3
   },
   "file_extension": ".py",
   "mimetype": "text/x-python",
   "name": "python",
   "nbconvert_exporter": "python",
   "pygments_lexer": "ipython3",
   "version": "3.9.7"
  }
 },
 "nbformat": 4,
 "nbformat_minor": 5
}
